26 
9 
350 67 5 0 64 64 300 2 1 
350 75 5 0 64 64 300 2 1 
180 264 3 0 64 64 500 3 1 
328 111 0 -8 64 64 100 1 1 
50 262 5 0 64 64 300 2 1 
80 260 8 0 64 64 100 1 1 
30 270 3 0 64 64 500 3 1 
50 246 5 0 64 64 300 2 1 
50 257 5 0 64 64 300 2 1 
0 257 5 0 64 64 300 2 1 
0 253 8 0 64 64 100 1 1 
0 252 5 0 64 64 300 2 1 
0 263 3 0 64 64 500 3 1 
0 256 8 0 64 64 100 1 1 
0 270 8 0 64 64 100 1 1 
0 262 8 0 64 64 100 1 1 
0 266 3 0 64 64 500 3 1 
0 246 8 0 64 64 100 1 1 
0 254 3 0 64 64 500 3 1 
0 255 5 0 64 64 300 2 1 
0 259 3 0 64 64 500 3 1 
0 263 8 0 64 64 100 1 1 
0 249 3 0 64 64 500 3 1 
0 245 8 0 64 64 100 1 1 
0 252 5 0 64 64 300 2 1 
0 251 5 0 64 64 300 2 1 
